   13.0000
   12.9919
   12.9675
   12.9271
   12.8708
   12.7990
   12.7120
   12.6103
   12.4944
   12.3650
   12.2228
   12.0686
   11.9032
   11.7274
   11.5423
   11.3488
   11.1480
   10.9410
   10.7289
   10.5129
   10.2940
   10.0736
    9.8528
    9.6328
    9.4147
    9.1998
    8.9893
    8.7843
    8.5858
    8.3950
    8.2129
    8.0405
    7.8787
    7.7284
    7.5904
    7.4654
    7.3542
    7.2574
    7.1754
    7.1087
    7.0576
    7.0226
    7.0036
    7.0009
    7.0144
    7.0442
    7.0899
    7.1514
    7.2284
    7.3203
    7.4268
    7.5473
    7.6810
    7.8273
    7.9853
    8.1543
    8.3333
    8.5213
    8.7174
    8.9203
    9.1292
    9.3427
    9.5598
    9.7793
   10.0000
   10.2207
   10.4402
   10.6573
   10.8709
   11.0797
   11.2827
   11.4787
   11.6667
   11.8457
   12.0147
   12.1728
   12.3191
   12.4528
   12.5732
   12.6797
   12.7717
   12.8486
   12.9101
   12.9558
   12.9856
   12.9991
   12.9964
   12.9774
   12.9423
   12.8913
   12.8246
   12.7426
   12.6457
   12.5345
   12.4096
   12.2716
   12.1213
   11.9595
   11.7871
   11.6049
   11.4141
   11.2157
   11.0106
   10.8001
   10.5852
   10.3672
   10.1471
    9.9263
    9.7059
    9.4871
    9.2710
    9.0589
    8.8519
    8.6511
    8.4576
    8.2725
    8.0968
    7.9313
    7.7771
    7.6349
    7.5056
    7.3897
    7.2880
    7.2010
    7.1292
    7.0729
    7.0325
    7.0081
    7.0000
    7.0081
    7.0325
    7.0729
    7.1292
    7.2010
    7.2881
    7.3898
    7.5056
    7.6350
    7.7772
    7.9314
    8.0969
    8.2726
    8.4578
    8.6512
    8.8520
    9.0590
    9.2711
    9.4872
    9.7060
    9.9265
   10.1473
   10.3673
   10.5853
   10.8002
   11.0107
   11.2158
   11.4143
   11.6051
   11.7872
   11.9596
   12.1214
   12.2717
   12.4097
   12.5346
   12.6458
   12.7427
   12.8247
   12.8914
   12.9424
   12.9774
   12.9964
   12.9991
   12.9855
   12.9558
   12.9101
   12.8486
   12.7716
   12.6796
   12.5731
   12.4527
   12.3190
   12.1727
   12.0146
   11.8456
   11.6666
   11.4786
   11.2826
   11.0796
   10.8708
   10.6572
   10.4401
   10.2206
    9.9999
    9.7792
    9.5597
    9.3426
    9.1290
    8.9202
    8.7172
    8.5212
    8.3332
    8.1542
    7.9852
    7.8272
    7.6809
    7.5472
    7.4268
    7.3203
    7.2283
    7.1514
    7.0899
    7.0441
    7.0144
    7.0009
    7.0036
    7.0226
    7.0577
    7.1087
    7.1754
    7.2574
    7.3543
    7.4655
    7.5904
    7.7284
    7.8788
    8.0406
    8.2130
    8.3951
    8.5859
    8.7844
    8.9894
    9.2000
    9.4148
    9.6329
    9.8529
   10.0737
   10.2942
   10.5130
   10.7291
   10.9412
   11.1482
   11.3489
   11.5424
   11.7275
   11.9033
   12.0687
   12.2229
   12.3651
   12.4945
   12.6103
   12.7120
   12.7990
   12.8709
   12.9271
   12.9675
   12.9919
